1
1 2 3 4 5 
6 7 8 9 10
11 12 0 13 14 
15 16 17 18 19
20 21 22 23 23
75 74 73 72 71 70 69 68 67 66 65 64 63 62 61 60 59 58 57 56 55 54 53 52 51 50 49 48 47 46 45 44 43 42 41 40 39 38 37 36 35 34 33 32 31 30 29 28 27 26 25 24 23 22 21 20 19 18 17 16 15 14 13 12 11 10 9 8 7 6 5 4 3 2 1


66 2 9 36 16 
59 22 73 67 70 
54 33 0 72 74 
4 5 34 31 3 
47 75 60 58 28 
54 12 26 51 59 19 57 66 1 29 28 35 16 2 8 23 61 17 38 56 18 69 71 75 20 7 49 13 39 9 70 65 53 15 31 74 48 22 46 67 11 43 33 41 72 24 62 58 73 14 42 5 6 25 47 4 45 34 60 27 44 50 68 52 55 10 63 21 40 37 30 64 3 32 36




73 24 63 45 1
61 40 10 12 37
34 6 0 72 56
7 55 49 29 65
69 17 53 33 71

70 9 12 3 60 41 55 69 1 33 27 5




0  1  2  3  4 
5  6  7  8  9 
10 11 12 13 14 
15 16 17 18 19 
20 21 22 23 24
